%!PS-Adobe-3.0 EPSF-3.0
%%Creator: cairo 1.14.2 (http://cairographics.org)
%%CreationDate: Mon Aug  1 15:33:53 2016
%%Pages: 1
%%DocumentData: Clean7Bit
%%LanguageLevel: 2
%%BoundingBox: 0 -1 410 354
%%EndComments
%%BeginProlog
save
50 dict begin
/q { gsave } bind def
/Q { grestore } bind def
/cm { 6 array astore concat } bind def
/w { setlinewidth } bind def
/J { setlinecap } bind def
/j { setlinejoin } bind def
/M { setmiterlimit } bind def
/d { setdash } bind def
/m { moveto } bind def
/l { lineto } bind def
/c { curveto } bind def
/h { closepath } bind def
/re { exch dup neg 3 1 roll 5 3 roll moveto 0 rlineto
      0 exch rlineto 0 rlineto closepath } bind def
/S { stroke } bind def
/f { fill } bind def
/f* { eofill } bind def
/n { newpath } bind def
/W { clip } bind def
/W* { eoclip } bind def
/BT { } bind def
/ET { } bind def
/pdfmark where { pop globaldict /?pdfmark /exec load put }
    { globaldict begin /?pdfmark /pop load def /pdfmark
    /cleartomark load def end } ifelse
/BDC { mark 3 1 roll /BDC pdfmark } bind def
/EMC { mark /EMC pdfmark } bind def
/cairo_store_point { /cairo_point_y exch def /cairo_point_x exch def } def
/Tj { show currentpoint cairo_store_point } bind def
/TJ {
  {
    dup
    type /stringtype eq
    { show } { -0.001 mul 0 cairo_font_matrix dtransform rmoveto } ifelse
  } forall
  currentpoint cairo_store_point
} bind def
/cairo_selectfont { cairo_font_matrix aload pop pop pop 0 0 6 array astore
    cairo_font exch selectfont cairo_point_x cairo_point_y moveto } bind def
/Tf { pop /cairo_font exch def /cairo_font_matrix where
      { pop cairo_selectfont } if } bind def
/Td { matrix translate cairo_font_matrix matrix concatmatrix dup
      /cairo_font_matrix exch def dup 4 get exch 5 get cairo_store_point
      /cairo_font where { pop cairo_selectfont } if } bind def
/Tm { 2 copy 8 2 roll 6 array astore /cairo_font_matrix exch def
      cairo_store_point /cairo_font where { pop cairo_selectfont } if } bind def
/g { setgray } bind def
/rg { setrgbcolor } bind def
/d1 { setcachedevice } bind def
%%EndProlog
%%BeginSetup
%%EndSetup
%%Page: 1 1
%%BeginPageSetup
%%PageBoundingBox: 0 -1 410 354
%%EndPageSetup
q 0 -1 410 355 rectclip q
1 0.721569 0.333333 rg
215.668 320.929 m 222.277 314.394 231.199 310.734 240.492 310.734 c 289.926
 310.734 l 280.633 310.734 271.715 314.394 265.105 320.929 c 242.863 342.909
 l 236.254 349.441 227.336 353.105 218.043 353.105 c 168.609 353.105 l 177.902
 353.105 186.82 349.441 193.43 342.909 c h
215.668 320.929 m f
1 0.784314 0.352941 rg
143.992 342.909 m 166.234 320.929 l 172.844 314.394 181.762 310.734 191.055
 310.734 c 240.492 310.734 l 231.199 310.734 222.281 314.394 215.672 320.929
 c 193.43 342.909 l 186.82 349.441 177.902 353.105 168.609 353.105 c 119.172
 353.105 l 128.465 353.105 137.383 349.441 143.992 342.909 c h
143.992 342.909 m f
1 0.862745 0.411765 rg
388.414 310.734 m 191.055 310.734 l 181.762 310.734 172.844 314.394 166.234
 320.929 c 143.996 342.909 l 137.383 349.441 128.465 353.105 119.172 353.105
 c 21.188 353.105 l 9.484 353.105 0 343.62 0 331.917 c 0 21.187 l 0 9.484
 9.484 -0.001 21.188 -0.001 c 388.414 -0.001 l 400.113 -0.001 409.602 9.484
 409.602 21.187 c 409.602 289.546 l 409.602 301.245 400.113 310.734 388.414
 310.734 c h
218.102 75.683 m 177.848 75.683 l 174.141 75.683 171.137 78.687 171.137
 82.39 c 171.137 85.742 173.605 88.499 176.816 88.995 c 163.879 120.409 
l 106.832 120.409 l 93.898 88.995 l 97.109 88.499 99.574 85.742 99.574 82.394
 c 99.574 78.687 96.57 75.683 92.867 75.683 c 84.016 75.683 l 83.992 75.683
 83.965 75.683 83.938 75.683 c 74.977 75.683 l 71.27 75.683 68.266 78.687
 68.266 82.394 c 68.266 86.097 71.27 89.101 74.977 89.101 c 79.426 89.101
 l 140.332 237.019 l 141.367 239.531 143.82 241.171 146.539 241.171 c 149.258
 241.171 151.707 239.531 152.742 237.019 c 213.652 89.101 l 218.102 89.101
 l 221.809 89.101 224.809 86.097 224.809 82.394 c 224.809 78.687 221.805
 75.683 218.102 75.683 c h
329.914 75.683 m 307.555 75.683 l 302.562 75.683 298.16 78.074 295.293 
81.722 c 287.223 77.601 279.738 75.683 271.773 75.683 c 262.828 75.683 l
 248.152 75.683 236.922 81.624 232.023 91.988 c 227.676 101.171 229.422 
112.292 236.566 121.003 c 245.785 132.238 258.523 134.312 272.008 136.507
 c 278.488 137.566 285.152 138.714 291.898 140.867 c 291.898 145.007 l 291.898
 155.417 286.078 169.609 276.246 169.609 c 266.414 169.609 260.594 155.417
 260.594 145.007 c 260.594 141.304 257.59 138.3 253.883 138.3 c 235.992 
138.3 l 232.285 138.3 229.281 141.304 229.281 145.007 c 229.281 165.968 
246.336 183.027 267.301 183.027 c 285.191 183.027 l 306.156 183.027 323.211
 165.968 323.211 145.007 c 323.211 91.335 l 323.211 90.105 324.211 89.101
 325.445 89.101 c 329.918 89.101 l 333.625 89.101 336.629 86.093 336.629
 82.39 c 336.625 78.687 333.621 75.683 329.914 75.683 c h
329.914 75.683 m f
112.355 133.827 m 158.355 133.827 l 135.355 189.683 l h
112.355 133.827 m f
264.758 112.253 m 260.023 107.007 259.949 100.062 261.973 95.507 c 263.039
 93.117 265.727 89.101 271.77 89.101 c 278.34 89.101 284.656 90.976 291.898
 95.12 c 291.898 126.222 l 281.621 122.988 270.703 118.847 264.758 112.253
 c h
264.758 112.253 m f
0.666667 0.509804 0.313726 rg
218.102 89.101 m 213.648 89.101 l 152.742 237.019 l 151.707 239.531 149.258
 241.171 146.539 241.171 c 143.816 241.171 141.367 239.531 140.332 237.019
 c 79.426 89.101 l 74.977 89.101 l 71.27 89.101 68.266 86.097 68.266 82.394
 c 68.266 78.687 71.27 75.683 74.977 75.683 c 83.938 75.683 l 83.965 75.683
 83.992 75.683 84.016 75.683 c 92.867 75.683 l 96.57 75.683 99.574 78.687
 99.574 82.394 c 99.574 85.742 97.109 88.499 93.898 88.995 c 106.832 120.409
 l 163.879 120.409 l 176.816 88.999 l 173.602 88.499 171.137 85.742 171.137
 82.394 c 171.137 78.691 174.141 75.683 177.848 75.683 c 218.102 75.683 
l 221.805 75.683 224.809 78.691 224.809 82.394 c 224.809 86.097 221.805 
89.101 218.102 89.101 c h
112.355 133.827 m 135.355 189.683 l 158.355 133.827 l h
112.355 133.827 m f
329.914 89.101 m 325.441 89.101 l 324.207 89.101 323.207 90.105 323.207
 91.339 c 323.207 145.011 l 323.207 165.972 306.152 183.027 285.191 183.027
 c 267.301 183.027 l 246.336 183.027 229.281 165.972 229.281 145.011 c 229.281
 141.304 232.285 138.3 235.992 138.3 c 253.883 138.3 l 257.586 138.3 260.59
 141.304 260.59 145.011 c 260.59 155.417 266.41 169.609 276.242 169.609 
c 286.074 169.609 291.898 155.417 291.898 145.011 c 291.898 140.87 l 285.152
 138.718 278.484 137.566 272.008 136.511 c 258.52 134.312 245.781 132.238
 236.566 121.003 c 229.418 112.296 227.676 101.175 232.023 91.988 c 236.922
 81.624 248.148 75.683 262.824 75.683 c 271.77 75.683 l 279.734 75.683 287.223
 77.601 295.293 81.726 c 298.16 78.074 302.562 75.683 307.551 75.683 c 329.914
 75.683 l 333.621 75.683 336.625 78.691 336.625 82.394 c 336.625 86.097 
333.621 89.101 329.914 89.101 c h
291.898 95.12 m 284.66 90.976 278.34 89.101 271.773 89.101 c 265.727 89.101
 263.039 93.113 261.977 95.507 c 259.953 100.066 260.023 107.011 264.758
 112.253 c 270.703 118.847 281.621 122.988 291.898 126.222 c h
291.898 95.12 m f
Q Q
showpage
%%Trailer
end restore
%%EOF
